name	lig_cov	poc_cov	lig_name	4A_crit	ligSASRatio	volume	enclosure	surface	lipoSurface	depth	surf/vol	lid/hull	ellVol	ell_c/a	ell_b/a	surfGPs	lidGPs	hullGPs	siteAtms	accept	donor	posAtms	negAtms	aromat	hydroAtms	hydrophobicity	metal	Cs	Ns	Os	Ss	Xs	acidicAA	basicAA	polarAA	apolarAA	sumAA	ALA	ARG	ASN	ASP	CYS	GLN	GLU	GLY	HIS	ILE	LEU	LYS	MET	PHE	PRO	SER	THR	TRP	TYR	VAL	A	C	G	U	I	N	DA	DC	DG	DT	DN	UNK
P_1	0	0		0	0	156.672	0.942748	398.806	178.02	10.4	2.54548	0.0572519	92.1874	0.115185	0.147346	247	15	262	35	7	2	1	1	6	19	0.771429	0	27	1	7	0	0	1	1	6	7	15	0	0	1	0	0	2	1	1	1	2	0	0	0	1	3	0	2	0	0	1	0	0	0	0	0	0	0	0	0	0	0	0
P_2	0	0		0	0	154.624	0.905512	300.57	205.677	9.89545	1.94387	0.0944882	74.1713	0.13502	0.250003	230	24	254	48	9	8	1	0	5	25	0.666667	0	29	7	9	3	0	2	3	5	6	16	1	1	0	1	1	2	1	0	2	0	1	0	2	0	1	0	1	0	1	1	0	0	0	0	0	0	0	0	0	0	0	0
P_3	0	0		0	0	97.792	0.835366	243.92	83.2033	6.78823	2.49427	0.164634	20.849	0.265601	0.346802	137	27	164	30	8	6	0	1	6	8	0.6	0	18	4	8	0	0	1	1	4	2	8	0	1	1	1	0	1	0	0	0	0	0	0	0	2	0	0	2	0	0	0	0	0	0	0	0	0	0	0	0	0	0	0
P_4	0	0		0	0	75.776	0.851562	260.968	105.063	5.71314	3.44394	0.148438	12.5152	0.646637	0.823355	109	19	128	22	6	5	1	1	1	9	0.545455	0	11	4	6	1	0	1	3	3	3	10	0	0	1	0	1	0	1	0	3	0	1	0	1	1	0	1	0	0	0	0	0	0	0	0	0	0	0	0	0	0	0	0
P_5	0	0		0	0	66.048	0.79646	210.957	91.8648	5.42586	3.194	0.20354	9.05825	0.485951	0.65965	90	23	113	20	4	3	0	0	5	9	0.7	0	14	2	4	0	0	1	2	1	4	8	0	1	0	0	0	0	1	0	0	0	1	1	0	2	0	1	0	1	0	0	0	0	0	0	0	0	0	0	0	0	0	0
P_6	0	0		0	0	50.688	0.978022	239.657	152.781	5.1225	4.72808	0.021978	5.21191	0.52552	0.646114	89	2	91	19	2	2	1	0	4	11	0.789474	0	13	2	2	2	0	0	1	5	2	8	0	0	1	0	1	0	0	1	1	0	1	0	1	0	0	0	2	0	0	0	0	0	0	0	0	0	0	0	0	0	0	0
P_7	0	0		0	0	42.496	0.693333	108.467	83.7223	4.93153	2.55241	0.306667	3.7793	0.570282	0.790231	52	23	75	11	3	4	0	0	0	6	0.545455	0	6	2	3	0	0	1	1	4	2	8	1	0	1	1	0	0	0	1	0	0	0	1	0	0	0	0	2	0	0	1	0	0	0	0	0	0	0	0	0	0	0	0
P_8	0	0		0	0	37.888	1	155.127	96.3763	5.71314	4.09436	0	3.56804	0.299743	0.442473	74	0	74	28	5	7	1	1	3	10	0.571429	0	15	7	5	1	0	1	3	2	3	9	0	2	0	1	0	2	0	0	0	0	0	1	1	2	0	0	0	0	0	0	0	0	0	0	0	0	0	0	0	0	0	0
P_9	0	0		0	0	31.232	0.830508	215.662	141.482	4.15692	6.90517	0.169492	2.09577	0.576887	0.973544	49	10	59	15	2	4	1	0	0	8	0.666667	0	10	3	2	0	0	0	3	2	2	7	0	0	0	0	0	0	0	1	1	0	1	2	0	0	0	1	0	0	0	1	0	0	0	0	0	0	0	0	0	0	0	0
